Accuracy Trainingsdaten: [0.44, 0.4471428571428571, 0.5, 0.7171428571428572, 0.6714285714285714, 0.7685714285714286, 0.5328571428571428]
Accuracy Testdaten: [0.42333333333333334, 0.44, 0.14, 0.7133333333333334, 0.59, 0.7366666666666667, 0.5533333333333333]
F1 Trainingsdaten: [[0], [0], [0], 0.9821882951653944, 0.940754039497307, 0.6461538461538462, [0]]
F1 Testdaten: [[0], [0], [0], 0.3764705882352941, 0.4453125, 0.2698412698412698, [0]]
AUC Trainingsdaten: [[0], [0], [0], 0.8864692744174815, 0.8709153677878041, 0.8072205696589382, [0]]
AUC Testdaten: [[0], [0], [0], 0.8864692744174815, 0.8709153677878041, 0.8072205696589382, [0]]
=====Regression=====
RMSE Trainingsdaten: [30.092271145760666, 31.347756736245458, 43.125232918625656, 38.11730015922654]
RMSE Testdaten: [87.46875491871172, 142.16610320287427, 117.14520903562382, 71.05866121264411]
MAE Trainingsdaten: [21.591880676967143, 19.685714285714287, 12.085714285714285, 13.220137798709226]
MAE Testdaten: [64.18188156288154, 93.23333333333333, 47.833333333333336, 143.8016636141636]
