Accuracy Trainingsdaten: [0.5171428571428571, 0.4642857142857143, 0.43857142857142856, 0.7171428571428572, 0.8114285714285714, 0.7228571428571429, 0.6557142857142857]
Accuracy Testdaten: [0.41333333333333333, 0.44, 0.4166666666666667, 0.7133333333333334, 0.7366666666666667, 0.7133333333333334, 0.6066666666666667]
F1 Trainingsdaten: [[0], [0], [0], 0.93734335839599, 0.7564575645756458, 0.8135593220338985, [0]]
F1 Testdaten: [[0], [0], [0], 0.23287671232876708, 0.5906735751295336, 0.24561403508771928, [0]]
AUC Trainingsdaten: [[0], [0], [0], 0.7114320495794599, 0.8900182868471426, 0.8170001222444073, [0]]
AUC Testdaten: [[0], [0], [0], 0.7114320495794599, 0.8900182868471426, 0.8170001222444073, [0]]
=====Regression=====
RMSE Trainingsdaten: [24.943725194387905, 28.05541968540893, 21.87665526704644, 36.54156146479942]
RMSE Testdaten: [81.9589217004244, 76.2674479902617, 58.4472126509611, 118.77850535064555]
MAE Trainingsdaten: [15.267142857142858, 9.414285714285715, 10.200962827033798, 17.114285714285714]
MAE Testdaten: [93.55, 78.86666666666666, 54.67440201112537, 104.1]
