Accuracy Trainingsdaten: [0.46113989637305697, 0.538860103626943, 0.47150259067357514, 0.7823834196891192, 0.8082901554404145, 0.7823834196891192, 0.8756476683937824]
Accuracy Testdaten: [0.14285714285714285, 0.047619047619047616, 0.14285714285714285, 0.6309523809523809, 0.5476190476190477, 0.6309523809523809, 0.75]
F1 Trainingsdaten: [[0], [0], [0], 0.8947368421052632, 0.7866666666666666, 0.8947368421052632, [0]]
F1 Testdaten: [[0], [0], [0], 0.32, 0.32653061224489793, 0.32, [0]]
AUC Trainingsdaten: [[0], [0], [0], 0.8743550051599588, 0.9520435069215557, 0.8743550051599588, [0]]
AUC Testdaten: [[0], [0], [0], 0.8743550051599588, 0.9520435069215557, 0.8743550051599588, [0]]
=====Regression=====
RMSE Trainingsdaten: [28.559356504057057, [0], [0], [0]]
RMSE Testdaten: [124.08922063451199, [0], [0], [0]]
MAE Trainingsdaten: [3.3204254158712847, [0], [0], [0]]
MAE Testdaten: [64.61215538847118, [0], [0], [0]]
