Accuracy Trainingsdaten: [0.5181347150259067, 0.5544041450777202, 0.48186528497409326, 0.9844559585492227, 0.9740932642487047, 0.9844559585492227, 0.9585492227979274]
Accuracy Testdaten: [0.14285714285714285, 0.047619047619047616, 0.14285714285714285, 0.8809523809523809, 0.9166666666666666, 0.8809523809523809, 0.9404761904761905]
F1 Trainingsdaten: [[0], [0], [0], 0.9743589743589743, 0.9685534591194969, 0.9743589743589743, [0]]
F1 Testdaten: [[0], [0], [0], 0.7368421052631579, 0.8955223880597015, 0.7368421052631579, [0]]
AUC Trainingsdaten: [[0], [0], [0], 0.9903895768833849, 0.9954954954954954, 0.9903895768833849, [0]]
AUC Testdaten: [[0], [0], [0], 0.9903895768833849, 0.9954954954954954, 0.9903895768833849, [0]]
=====Regression=====
RMSE Trainingsdaten: [1.03813303928441, 34.021049433601526, 22.51581737186487, 36.5555485162202]
RMSE Testdaten: [140.36092930794695, 117.81970342383718, 96.76604381314385, 128.57515867604997]
MAE Trainingsdaten: [0.14507772020725387, 20.4053787318036, 14.61139896373057, 16.627513554081357]
MAE Testdaten: [110.11904761904762, 87.73809523809524, 57.142857142857146, 97.71620142309796]
