Accuracy Trainingsdaten: [0.46632124352331605, 0.5544041450777202, 0.47668393782383417, 0.7875647668393783, 0.7202072538860104, 0.7875647668393783, 0.7098445595854922]
Accuracy Testdaten: [0.2857142857142857, 0.4166666666666667, 0.2857142857142857, 0.47619047619047616, 0.6190476190476191, 0.47619047619047616, 0.5]
F1 Trainingsdaten: [[0], [0], [0], 0.6495726495726496, 0.7006369426751593, 0.6495726495726496, [0]]
F1 Testdaten: [[0], [0], [0], 0.43589743589743596, 0.41935483870967744, 0.43589743589743596, [0]]
AUC Trainingsdaten: [[0], [0], [0], 0.847781217750258, 0.8065260382333553, 0.847781217750258, [0]]
AUC Testdaten: [[0], [0], [0], 0.847781217750258, 0.8065260382333553, 0.847781217750258, [0]]
=====Regression=====
RMSE Trainingsdaten: [34.41526058593, 34.154596828665866, 48.82437482155911, 46.6370705028232]
RMSE Testdaten: [163.42333694930258, 107.1176446129234, 64.0492286964354, 95.48106988182188]
MAE Trainingsdaten: [26.936819829565938, 26.71107848873111, 33.36595258026953, 10.05181347150259]
MAE Testdaten: [91.86054421768706, 74.01343101343102, 49.30433265836992, 146.1904761904762]
