Accuracy Trainingsdaten: [0.5284974093264249, 0.5544041450777202, 0.48186528497409326, 0.9378238341968912, 0.9533678756476683, 0.9378238341968912, 0.9637305699481865]
Accuracy Testdaten: [0.35714285714285715, 0.047619047619047616, 0.14285714285714285, 0.7976190476190477, 0.8214285714285714, 0.7976190476190477, 0.8214285714285714]
F1 Trainingsdaten: [[0], [0], [0], 0.8928571428571428, 0.9433962264150942, 0.8928571428571428, [0]]
F1 Testdaten: [[0], [0], [0], 0.5405405405405406, 0.7945205479452055, 0.5405405405405406, [0]]
AUC Trainingsdaten: [[0], [0], [0], 0.9649122807017544, 0.9966490881125027, 0.9649122807017544, [0]]
AUC Testdaten: [[0], [0], [0], 0.9649122807017544, 0.9966490881125027, 0.9649122807017544, [0]]
=====Regression=====
RMSE Trainingsdaten: [0.686121270784938, 34.38556437989902, 22.51581737186487, 32.14027564438346]
RMSE Testdaten: [92.45487960029347, 122.03444621904134, 96.76604381314385, 128.57515867604997]
MAE Trainingsdaten: [0.15692079940784615, 20.310387367382187, 14.61139896373057, 25.155410867198434]
MAE Testdaten: [71.71428571428571, 93.45238095238095, 57.142857142857146, 111.5]
